-1.70455508689557255763702414697036147117614746093750
-1.36655440238406811204185942187905311584472656250000
-1.21994028781408392347884728224016726016998291015625
-1.12583507957457085169039601169060915708541870117188
0.37540255801003458158149328482977580279111862182617
-1.07667796157519979338701432425295934081077575683594
-1.66388616058271576747529252315871417522430419921875
-1.26635837248067728566525147471111267805099487304688
1.04692591169813553619860613252967596054077148437500
1.28025414396629311220010549732251092791557312011719
1.59762249942997769380781392101198434829711914062500
2.60089498489892267940604142495431005954742431640625
-1.90682789275830888442442301311530172824859619140625
-2.23120677146574397653466803603805601596832275390625
2.18531140628527564828686990949790924787521362304688
-2.28838334831096812393980144406668841838836669921875
-1.97136245008181543170167060452513396739959716796875
-1.80216030430921803073829323693644255399703979492188
-1.75941283366202894100638332020025700330734252929688
-0.34285463892985157396964268627925775945186614990234
0.04661022670071854334672423192387213930487632751465
1.30799001844218754087023626198060810565948486328125
1.68970536471602184036555627244524657726287841796875
1.58128020549143477602171969920163974165916442871094
1.81807253899229959159811187419109046459197998046875
-1.44893662670123912761255269288085401058197021484375
-1.29828593167057615431758677004836499691009521484375
-1.48764751688774943261250882642343640327453613281250
-0.97199576033524048845890774828149005770683288574219
0.73053380521507238487544100280501879751682281494141
0.53383914359010176120534652000060304999351501464844
0.71227703088479932258536564404494129121303558349609
-1.06405732132631225539398656110279262065887451171875
2.77051498482550062618656738777644932270050048828125
2.56777895365636599223080338560976088047027587890625
2.22628912682738144823701986751984804868698120117188
1.97366389979620793226899877481628209352493286132813
2.22875810376295646619837498292326927185058593750000
2.21624187389287108373991941334679722785949707031250
2.55480594523890847113989366334863007068634033203125
2.50458801326416979904365689435508102178573608398438
-2.75438198258795052808522996201645582914352416992188
-2.58966948071210500970096290984656661748886108398438
-2.28378323298413565822784221381880342960357666015625
0.68864475733492458431328486767597496509552001953125
1.06030757770320605004599201492965221405029296875000
1.29970078810757083687121848925016820430755615234375
1.15477777533460113090768572874367237091064453125000
0.87301454650072141117078672323259525001049041748047
0.43667867772284552074779639951884746551513671875000
0.64627473890540954037930987396975979208946228027344
-0.79981089726551590768366395423072390258312225341797
-0.53660832451929973974102949796360917389392852783203
-0.79258569259616984403749029297614470124244689941406
0.18949940798060938007552067574579268693923950195313
-0.70066881027816618754400224133860319852828979492188
-0.94493243254062520009028958156704902648925781250000
-0.91002183621674059832429293237510137259960174560547
-0.79331498506279096716298226965591311454772949218750
-0.79999785648027121887082557805115357041358947753906
-1.10301010894890905156273674947442486882209777832031
-1.06141664120754430911119925440289080142974853515625
-0.68459559280136728087740038972697220742702484130859
-0.37594059785310030008531612111255526542663574218750
0.55605235677562059315448550478322431445121765136719
1.12538807709779486998513675644062459468841552734375
0.87380307049936412067125957037205807864665985107422
2.18632006198277295538900943938642740249633789062500
1.65454032621458191343322141619864851236343383789063
1.80418283318699046446909051155671477317810058593750
2.50708099809899431775761513563338667154312133789063
2.76285650162354734504788211779668927192687988281250
2.59132567545929770602697317372076213359832763671875
1.95764501074472185848662775242701172828674316406250
1.70864663520752513292677576828282326459884643554688
1.35704082043328866369336083153029903769493103027344
1.54526121183640929857006085512693971395492553710938
-1.16133289677574902398760059440974146127700805664063
-1.39168223399408308438296444364823400974273681640625
-1.38036175069913769064555708609987050294876098632813
-1.30711573482123677436561592912767082452774047851563
-1.76012630613720078009976077737519517540931701660156
-1.70189251680462549920491710508940741419792175292969
-2.77353178098927433126164032728411257266998291015625
-2.59221725949913528452839273086283355951309204101563
-2.53229102555797158657924228464253246784210205078125
-2.24278280801613760786494822241365909576416015625000
-2.03754683884073184430008041090331971645355224609375
-2.05392486902686766114811689476482570171356201171875
2.25847933225345576246922973950859159231185913085938
1.85271239003915400012090231030015274882316589355469
1.83287238301777333226993960124673321843147277832031
1.44357106217733699438099392864387482404708862304688
1.37881363813331692114161342033185064792633056640625
1.38177681186728040785283155855722725391387939453125
1.59244963847992004879472460743272677063941955566406
1.73271493098988615955136083357501775026321411132813
0.48906285485193512485579958593007177114486694335938
-0.04032763274640015216387922691865242086350917816162
-0.36447362294163765383814279630314558744430541992188
-0.25730835811429575432640604049083776772022247314453
0.06194436909915800038017863471395685337483882904053
0.12651735757233650847553008134127594530582427978516
0.24166995427452467315454498475446598604321479797363
-0.86571654172159762108407221603556536138057708740234
-0.91819567795099721330132069851970300078392028808594
-0.74703590191697999411957198390155099332332611083984
-0.68286574890291196204827883775578811764717102050781
-1.10903473858190304568438477872405201196670532226563
-0.41036518936346910724211056731292046606540679931641
-0.53822083792129138402060561929829418659210205078125
-0.58894444882069463265139575014472939074039459228516
-0.27026917323473698129276954205124638974666595458984
-0.07420383907240621357281895598134724423289299011230
0.28920283388588374773320310850976966321468353271484
0.45941904792409182789469923591241240501403808593750
-0.10805817808147946679220297028223285451531410217285
-0.65837156452884104673728415946243330836296081542969
0.81492281292326396169301006011664867401123046875000
0.67560998649421810657855758108780719339847564697266
0.75448580085903527159274517543963156640529632568359
0.66378761984035894450073556072311475872993469238281
0.90393903416353837965147022259770892560482025146484
0.95255367957390790767391308691003359854221343994141
1.24651829539776404232043205411173403263092041015625
1.32371455102333723807817023043753579258918762207031
1.17038215177463733596141537418588995933532714843750
-0.00856812033715931634092477509057061979547142982483
0.18348212831795759902853149014845257624983787536621
0.08521526368158766073790388873021584004163742065430
-0.01095842990688533982734931271352252224460244178772
0.18838144418819319225733011080592405050992965698242
0.38105742690625771240675589979218784719705581665039
0.76393065151443695359745333917089737951755523681641
0.67692022437904642018224876665044575929641723632813
-0.40655412130335588649643341341288760304450988769531
-0.60744083043002516930641832004766911268234252929688
1.41030158238234215595241494156653061509132385253906
1.56917577707000921449775887595023959875106811523438
1.84936537709632231596401652495842427015304565429688
1.89856209271877141020468116039410233497619628906250
2.14097110738829599085875088348984718322753906250000
1.96345456394353168327882031007902696728706359863281
2.28203376645000766131943237269297242164611816406250
2.16330762700528689279622085450682789087295532226563
1.95735249671881494926140021561877802014350891113281
1.77355591056696315632734695100225508213043212890625
0.38041955147408240689443914561707060784101486206055
1.21122204847112024950206432549748569726943969726563
1.20394626746161526043010780995246022939682006835938
-1.30958275703887405683190081617794930934906005859375
-0.73469552189441489353782799298642203211784362792969
-0.69344819219597386705800090567208826541900634765625
-2.28565829517585950014790796558372676372528076171875
-1.90430505455202858655638920026831328868865966796875
-1.97936319434131857697423129138769581913948059082031
-2.17746459912416501225607134983874857425689697265625
-1.42801277369081924817351136880461126565933227539063
-1.40757513338224882204485766123980283737182617187500
-1.80419313032909123251101846108213067054748535156250
-1.72605064576505973228393031604355201125144958496094
-1.51245735660737778971451916731894016265869140625000
-1.87327659105142219075901266478467732667922973632813
-1.86403312525784570219400393398245796561241149902344
-1.73074119613598043088131817057728767395019531250000
0.84594845859949296951185715442989021539688110351563
1.69427113256052086498470998776610940694808959960938
1.62698753116394723150506251840852200984954833984375
1.46459105447770232544257851259317249059677124023438
1.69192211787758917118651424971176311373710632324219
1.83288440490542647864913305966183543205261230468750
1.92947893263388547957504215446533635258674621582031
2.13280382047322225602670187072362750768661499023438
2.20987466015451117229417832277249544858932495117188
2.01794738868070888671013562998268753290176391601563
1.84428202127096074747214515809901058673858642578125
0.65464440920950894842178513499675318598747253417969
1.21756417842068209722583560505881905555725097656250
1.32407897588858314286142103810561820864677429199219
1.35635539237910185406121854612138122320175170898438
1.21331606915437673066548995848279446363449096679688
1.21498099721811203544064028392313048243522644042969
0.40687125287844366772205262350325938314199447631836
0.50380138412652186730156245175749063491821289062500
0.82178605759847611622603835712652653455734252929688
0.64743042713225384954256469427491538226604461669922
0.72710973139280921095917165075661614537239074707031
0.63766383067589771371785900555551052093505859375000
-0.62316029945366646636273344483925029635429382324219
-0.44063959228552879165974331954203080385923385620117
-0.55356896737057115220892455909051932394504547119141
-0.65095291971490298887914605074911378324031829833984
0.67798566675270088843774374254280701279640197753906
0.74532279485179497857672004101914353668689727783203
0.48323603045114671417081808613147586584091186523438
0.37635041835360494300033451509079895913600921630859
0.56797441236041423806568673171568661928176879882813
0.52534609734331527697293040546355769038200378417969
0.34443592825677388225003028310311492532491683959961
0.40869322533721680335005999040731694549322128295898
0.09284547006347887432298193743918091058731079101563
-0.09697029179822172495484267074061790481209754943848
0.09382963551996408024802320824164780788123607635498
-0.00126761764607870308640968914914992637932300567627
-0.00473736158329629564178731015999801456928253173828
-0.00329312974055284354846229177837813040241599082947
-0.09801163843621063520572533889207988977432250976563
-0.00060328746037780259757477008264459072961471974850
-0.09530598074797111407541194694204023107886314392090
-0.99752751679344564550433460681233555078506469726563
-0.97570644348681201396544793169596232473850250244141
-1.10952587907915778409062568243825808167457580566406
-1.18397002440756393681908775761257857084274291992188
-1.02997520651425178428439721756149083375930786132813
-1.12889087527565590285405505710514262318611145019531
-1.06288923463780360378905243123881518840789794921875
-1.15915445327284327703409871901385486125946044921875
-1.26610421420829988292666712368372827768325805664063
-1.26345376408193565964666049694642424583435058593750
-0.76808240855813880720859287976054474711418151855469
-0.58890773569659926600650123873492702841758728027344
-0.66389696623786842444303601951105520129203796386719
-0.57516972264721299978873503278009593486785888671875
-0.84491794472397818704934024935937486588954925537109
-0.86951468213624127923111473137396387755870819091797
-0.77444132841680546341933677467750385403633117675781
-0.72826865548051045173849615821382030844688415527344
-0.68399389914592112482694119535153731703758239746094
-0.56223633414159768229012570373015478253364562988281
-0.65829641119573656382613080495502799749374389648438
-0.93946407373050233591271762634278275072574615478516
-0.85086463805099221691108368759159930050373077392578
-1.11069842781740879544827294012065976858139038085938
-1.11727088772404181682418311538640409708023071289063
-1.01918326118433055782475094019901007413864135742188
-1.01620208715915305575094862433616071939468383789063
-2.16978025738965829560811471310444176197052001953125
-2.50066395970238719570488683530129492282867431640625
-2.30252487436818675803351652575656771659851074218750
-2.59556190156082156050842968397773802280426025390625
-0.57302216776259196073795010306639596819877624511719
-0.52546795931918843791663675801828503608703613281250
-0.65322576864483083980417177372146397829055786132813
-0.77185553233199577505274646682664752006530761718750
-0.53029912874269335976151751310680992901325225830078
-0.45468663665281078278823656546592246741056442260742
-0.63360557642359438546009187120944261550903320312500
-0.44092752950936897615719090026686899363994598388672
-0.52823349321627299790549159297370351850986480712891
-0.82338689404306175667613842961145564913749694824219
-0.72247574899332056563849846497760154306888580322266
0.02937347459209654204626005480349704157561063766479
0.07350687770536024068235292361350730061531066894531
0.37025430074892456966395570816530380398035049438477
0.27757743075264151855208183405920863151550292968750
-0.21266677326684704785186852404876844957470893859863
-0.09458918122685325280407653281145030632615089416504
-0.30977827297801679984345923912769649177789688110352
-0.09213010198243642978610523641691543161869049072266
0.57682507290477913475257309983135201036930084228516
0.57058819773903435290662855550181120634078979492188
0.55982757019373630136271913215750828385353088378906
0.56351532407702209503952417435357347130775451660156
0.08836740501834505767675409515504725277423858642578
0.18424396008498897248095715895033208653330802917480
0.09017451713441167193696657022883300669491291046143
0.18715472310186945237298061783803859725594520568848
0.28224756949222246094066690602630842477083206176758
0.28335122039303628493911446639685891568660736083984
0.47616258478921080765644546772819012403488159179688
0.47699424219025654547721160270157270133495330810547
0.38118900637845753998078635049751028418540954589844
0.28470952095155988015307002569898031651973724365234
0.28484331928749084816843151202192530035972595214844
0.38049114731334288119768416436272673308849334716797
1.10739064948562537793463889101985841989517211914063
1.00060165009839741045993832813110202550888061523438
0.77588726830206333762163239953224547207355499267578
0.89256425043604203928282458946341648697853088378906
0.88995232540487534400597269268473610281944274902344
0.67066000147425219868324575145379640161991119384766
0.88203028633489799492650718093500472605228424072266
0.97645976793243904889862960772006772458553314208984
1.09243292309928863303980506316293030977249145507813
0.66851728792662878930741499061696231365203857421875
0.71617380148250187055225524090928956866264343261719
0.76750767958869525742215955688152462244033813476563
-0.39591550273347464461437539284816011786460876464844
-0.39145641159140448506192910826939623802900314331055
-0.30211584869842356138036620905040763318538665771484
-0.11316153284982337356989745558166760019958019256592
-0.21255465126312436674460570884548360481858253479004
-0.30678606650265921595988061199022922664880752563477
-0.20356695262109356092672385329933604225516319274902
-0.10884405201202823620931781078979838639497756958008
-0.49979752594917464803003781526058446615934371948242
-0.59789979853873598258928723225835710763931274414063
-0.58802320863687684848741810128558427095413208007813
-0.49382912518352906072749419763567857444286346435547
-0.79582845002959845537304772733477875590324401855469
-0.68890724059583685612295766986790113151073455810547
-0.69281542973205034741113195195794105529785156250000
-0.19401464540079044196474455930001568049192428588867
1.29251197134287387768836197210475802421569824218750
1.39699269229047273732646772259613499045372009277344
1.30221835124009954753887541301082819700241088867188
1.70514263437463986505804314219858497381210327148438
1.60939764334212132013135487795807421207427978515625
1.69234925356019560993559025519061833620071411132813
1.84314307213967443210833607736276462674140930175781
2.00406443864975125634941832686308771371841430664063
1.91743306386379241956774421851150691509246826171875
1.73310833287831878024576326424721628427505493164063
1.71884432463088843157095197966555133461952209472656
1.60368219903259978664777918311301618814468383789063
1.54360695029056183003035584988538175821304321289063
1.61400355793726935083043372287647798657417297363281
1.55218995005651594354389999352861195802688598632813
1.42735727727045746959788630192633718252182006835938
1.36870431544120485511939477873966097831726074218750
1.42169596939230169496681810414884239435195922851563
0.47836657151248029862244948162697255611419677734375
0.47883234698111881710858028782240580767393112182617
0.57866091444089140516382485657231882214546203613281
0.99631659510686942926582787549705244600772857666016
0.88980654088027599790677868440980091691017150878906
1.08478463839136640700644420576281845569610595703125
1.09582981348459229664626946032512933015823364257813
1.17500897375695867452805032371543347835540771484375
1.34589984014556351965552494220901280641555786132813
0.58030074097018280454562955128494650125503540039063
0.68241034918020337940447461733128875494003295898438
1.16192555015413523378242643957491964101791381835938
1.24575755215639349948730796313611790537834167480469
1.06354800531295978771595400758087635040283203125000
1.06604983307313672113991742662619799375534057617188
1.25679625735911115747001076670130714774131774902344
1.17546608311702982518909266218543052673339843750000
1.26575519349329779217327995866071432828903198242188
1.17825834590186540040690488240215927362442016601563
-0.89552897369587181053418589726788923144340515136719
-1.37905917706616110152140208811033517122268676757813
-1.54531963791913540262612514197826385498046875000000
-1.42209189935921198610913052107207477092742919921875
-1.42752228577037465484522726910654455423355102539063
-1.36926525390803233150904816284310072660446166992188
-1.58848230766198583729931215202668681740760803222656
-1.52351160096440496616310156241524964570999145507813
-0.82840245471215179229318437137408182024955749511719
-0.87070826103374288074121523095527663826942443847656
-1.01012571256017835708007623907178640365600585937500
-2.06520400096266376621656490897294133901596069335938
-2.11979505128057699181454154313541948795318603515625
-1.93654321543959206941565298620844259858131408691406
-1.80162622658571547340500274003716185688972473144531
-1.54961808201502782011971248721238225698471069335938
-1.64343746804396362293232414231169968843460083007813
-1.72657897790032377471902691468130797147750854492188
-1.52208344160014208412690095428843051195144653320313
-1.67387354736412885536367411987157538533210754394531
0.90014070189407735522735265476512722671031951904297
0.97577167434651823629820910355192609131336212158203
1.21147032378699415211542600445682182908058166503906
1.11098044881028901187391966232098639011383056640625
1.19914133712111370400066334696020931005477905273438
1.10932103817023097747096471721306443214416503906250
1.58782227167236866804955752741079777479171752929688
1.59687087335497146511897881282493472099304199218750
1.30403940672241325238189801893895491957664489746094
1.29336983069659106071469523158157244324684143066406
1.40331245702034768108035223121987655758857727050781
1.49119998723339830526413152256282046437263488769531
1.37666358750455075643515101546654477715492248535156
1.47522069374342357228613309416687116026878356933594
1.54588440617979649971402977826073765754699707031250
1.51590088660205291049010156712029129266738891601563
1.60200591368444511530810814292635768651962280273438
1.70127068160411409891707990027498453855514526367188
1.65691494419238893875956364354351535439491271972656
0.74240910450313801760557907982729375362396240234375
0.74604858449840727452340161107713356614112854003906
0.75738116853838244324492734449449926614761352539063
0.57121413406427778980400944419670850038528442382813
0.66775015987183006238581128855003044009208679199219
0.76415561990156988247946401315857656300067901611328
0.65841830626806863158151372772408649325370788574219
0.56865673182370357618964362700353376567363739013672
0.84525067798996544876644065880100242793560028076172
0.83405251101328059526451852434547618031501770019531
0.92331128565872555569171709066722542047500610351563
1.01813475396836849995452212169766426086425781250000
1.03519502097753846037164748850045725703239440917969
0.95156971964458036961076459192554466426372528076172
0.65866526537216596448587324630352668464183807373047
0.68284887407320971064450532139744609594345092773438
0.57288343095701677043507515918463468551635742187500
0.99766910091279825678611814510077238082885742187500
1.11743707863680485914414930448401719331741333007813
1.10960223233880395099504312383942306041717529296875
0.30250751081524696051161527066142298281192779541016
0.18189332397354909809372713880293304100632667541504
0.08538324610904300671077038487055688165128231048584
0.10924142884212875714844415142579236999154090881348
0.19579602585717123530706373912835260853171348571777
0.29255202996578333340949029661715030670166015625000
0.92795569397483679274785117740975692868232727050781
0.87645409486724723535644443472847342491149902343750
0.96136382461655789377630298986332491040229797363281
1.16580455662638948766129942669067531824111938476563
1.22842191706299708187088981503620743751525878906250
-0.44936359841710155071936583226488437503576278686523
-0.35558641881338864942918576161901000887155532836914
-0.14649859082550104050213235495903063565492630004883
-0.06288206676088939350854900567355798557400703430176
-0.13321697921511999052057717563002370297908782958984
-0.24937098701233323394532703787263017147779464721680
-0.36422684359329571268659719862625934183597564697266
0.15809506264296752098275078424194362014532089233398
0.22293657665474858609044872537197079509496688842773
-0.28400863752574939669059972402465064078569412231445
-0.19060288867876529206313307440723292529582977294922
-0.37969360603264534770318050505011342465877532958984
-0.19160286954331495756775893823942169547080993652344
0.09438000184931430447399236527417087927460670471191
0.18958685700338467894354721465788315981626510620117
0.09458141472844025510191556804784340783953666687012
-0.37566772281453808535189864414860494434833526611328
-0.28295029113383973751183475542347878217697143554688
-0.84499138795903605547721326729515567421913146972656
-1.01782672656418693435398381552658975124359130859375
-0.91967342583977695902319737797370180487632751464844
-0.83370274306652336626655142026720568537712097167969
-0.92296175448031669841242319307639263570308685302734
-0.74203162989099846758023204529308713972568511962891
-0.74567237965045940484287712024524807929992675781250
-0.83405516418544467516227314263232983648777008056641
-1.21129987368353986276758860185509547591209411621094
-1.21489115956499516002509153622668236494064331054688
-2.01860828884624421419857753789983689785003662109375
-1.98076161372614967248750872386153787374496459960938
-1.27726805637218010502920151338912546634674072265625
-1.34154318370450464925625055911950767040252685546875
-1.30044418288472729550164785905508324503898620605469
-1.70783585203609877822827911586500704288482666015625
-1.69857409247514778982690586417447775602340698242188
-1.59717763339972163016966533177765086293220520019531
-1.44365159261026443360265147930476814508438110351563
-1.54397269679506399242541192506905645132064819335938
-1.60249674361791183407888183864997699856758117675781
-1.36836091190368680514666266390122473239898681640625
-1.40505825051497712507853066199459135532379150390625
-0.18792140328125084280941337055992335081100463867188
-0.28749198223683747333012661329121328890323638916016
0.26736120077286856799858583144668955355882644653320
0.13055092766332188070066422369563952088356018066406
-0.10455108061437193289755498426529811695218086242676
-0.01205699340359435434155699340408318676054477691650
-0.00880715314300006130165954232325020711869001388550
0.18422617768058019427357407948875334113836288452148
0.08538145900553809064525978556048357859253883361816
-0.01510971542073004381112610872150980867445468902588
-0.01527195341680489398816789048396458383649587631226
0.38002521011013512541865111415972933173179626464844
0.28109139636124380601245320576708763837814331054688
0.28166925039991597135013989827712066471576690673828
0.48007783214646293501459695107769221067428588867188
0.91761467296683951744284968299325555562973022460938
0.86596279052941493858952526352368295192718505859375
0.83876861524983392648380231548799201846122741699219
-0.90421746649601475454005594656337052583694458007813
-0.90585431146752204423222565310425125062465667724609
-0.79864297622316482438975526747526600956916809082031
-0.70517098781690579212266811737208627164363861083984
-0.72960713624912032493341484951088204979896545410156
-0.63161175408989433943673930116347037255764007568359
-0.63753258472039275872589314531069248914718627929688
-0.72240145047343362616487638661055825650691986083984
-0.81751028385119994812413324325461871922016143798828
-1.26988563720302627402247708232607692480087280273438
-0.38651966684177657684884366062760818749666213989258
-0.58419472875609912421168701257556676864624023437500
-0.67922808979049298372387966082897037267684936523438
-0.48554155416068123241046805560472421348094940185547
-0.48315924446800834202164764974440913647413253784180
-0.57179151242042203229232200101250782608985900878906
-0.75725285229694805355649123157490976154804229736328
-0.47235731090556487554721343258279375731945037841797
-0.65433947340336007236771820316789671778678894042969
-0.65827205091679696913331554242176935076713562011719
-0.56882026044831668354362363970722071826457977294922
-0.46938977407936732788584777154028415679931640625000
-0.56192014610868223911666063941083848476409912109375
-0.47745911115571598726248225830204319208860397338867
-0.28850959588783142706347462080884724855422973632813
-0.28713916666834488067294728352862875908613204956055
-0.38182415431069111066975096946407575160264968872070
-0.47916569338129971766804260369099210947751998901367
-0.38490116575576133195468742087541613727807998657227
-0.10108684860686453776956739147863117977976799011230
-0.19564562372870089590470854545856127515435218811035
-0.29175907530175709814201923109067138284444808959961
-0.10311049524466092686125762156734708696603775024414
-0.20022370542345230282066381732875015586614608764648
-0.29431351035871211596628427287214435636997222900391
1.30027429914402592459055085782893002033233642578125
1.40955777750293664851710673246998339891433715820313
1.28238218053259522832831862615421414375305175781250
1.36944104491894202979551664611790329217910766601563
1.47890961038509072267288502189330756664276123046875
1.50113422435765464513224287657067179679870605468750
1.40491812992788212000050407368689775466918945312500
1.45187781043406705094866993022151291370391845703125
1.47575400804102274676665729202795773744583129882813
1.61223637462307856083043589023873209953308105468750
1.58687613234072788515049978741444647312164306640625
1.67639881841659832417690267902798950672149658203125
1.69966038777600036979720243834890425205230712890625
1.67325757525337293074585431895684450864791870117188
1.59345655286384157989232335239648818969726562500000
1.55528797024829090744901805010158568620681762695313
1.52161553402887994579373298620339483022689819335938
0.68311348770485935677498900986392982304096221923828
0.78706026217543956224886869676993228495121002197266
0.78553291673967751140850168667384423315525054931641
0.67769372488069967719326314181671477854251861572266
0.67612018108525895332405752924387343227863311767578
0.97210224636079578530711842176970094442367553710938
0.98025545583637896385198473581112921237945556640625
0.88479057670301142213276079928618855774402618408203
0.87198702566177521688928209186997264623641967773438
0.78134115947351912012663888162933290004730224609375
0.77669081790786609342802648825454525649547576904297
0.97330890238141132275728750755661167204380035400391
0.87069185392221382091548775861156173050403594970703
1.25919827931152861211216986703220754861831665039063
1.36831407460878651249913673382252454757690429687500
1.16640829984582716782881561812246218323707580566406
1.40509194365300382756345243251416832208633422851563
1.33651835699187460093639856495428830385208129882813
1.22288652579620737981258571380749344825744628906250
1.15012649385449461370001245086314156651496887207031
-1.11234740554260325140489840123336762189865112304688
-1.21310812811253043719261768274009227752685546875000
-1.00803521505482951425847204518504440784454345703125
-1.00216124844825293926930953603005036711692810058594
-0.88895056843455333428494213876547291874885559082031
-0.87384746376306488002683181548491120338439941406250
-0.77949118470750033971228276641340926289558410644531
-0.78534185563206659885793214925797656178474426269531
-1.34688824322013056544733444752637296915054321289063
-1.25774702801917581673762924765469506382942199707031
-1.24713578742419728406787271524081006646156311035156
-1.59991027622597492552358744433149695396423339843750
-1.60750343023173081213883506279671564698219299316406
-1.40470973777626206846491641044849529862403869628906
-1.49631338346794784399662603391334414482116699218750
1.17851426646434331857449251401703804731369018554688
0.98993812264946456913605743466177955269813537597656
1.13095173840937035514286890247603878378868103027344
1.04090712682993613569237822957802563905715942382813
1.11967829287540632243747040774906054139137268066406
1.02114676063996201449413092632312327623367309570313
1.40313922747506891752777846704702824354171752929688
1.48197815600551674464213647297583520412445068359375
1.42603054020742359142559507745318114757537841796875
1.30737685060825237215453853423241525888442993164063
1.31354676884251797552849438943667337298393249511719
0.38216922688178045497409129893640056252479553222656
0.48797828390651776242492587698507122695446014404297
0.56224765362196171825104329400346614420413970947266
0.56262902978934947739730887406039983034133911132813
0.47169408925051797831784483605588320642709732055664
0.72826938015229969458630421286216005682945251464844
0.84493554422546934823401443281909450888633728027344
0.86959751249743888479315501172095537185668945312500
0.85115331216746792364347129478119313716888427734375
0.93971856321304170212016515506547875702381134033203
0.83441422746500570895022974582388997077941894531250
0.92003352211518141245960578089579939842224121093750
1.01651640106488239112536575703416019678115844726563
1.01946235746028035507038111973088234663009643554688
-0.28388005205578148437695062966668047010898590087891
-0.28436886424022833619318362252670340240001678466797
-0.47128956780725345110383273095067124813795089721680
-0.37725132850950876539641853923967573791742324829102
-0.47862240127073707451899053921806626021862030029297
-0.38507297415743918511665810910926666110754013061523
-0.18800412408992531188012264919962035492062568664551
-0.18865796886295421730395105441857594996690750122070
-0.09441940732406972625057051118346862494945526123047
0.00008187308439765519918474012683873297646641731262
-1.44087845510904655199624357919674366712570190429688
-1.38970084843493535409209016506792977452278137207031
-1.59835476634001660833916957926703616976737976074219
-1.33638552596301884989316022256389260292053222656250
-1.22265957851878726003747033246327191591262817382813
-1.19886747053138309482278600626159459352493286132813
-1.83215529096121754193404740362893790006637573242188
-1.75182935242525394947676886658882722258567810058594
-1.60618098239505080471190012758597731590270996093750
-1.53194851613651872312971136125270277261734008789063
-0.54395952778653744452697083033854141831398010253906
-0.58101032760830284562558745165006257593631744384766
-0.16672539359467491992816690071776974946260452270508
-0.10820226495358939433621969783416716381907463073730
0.00210064400595192518617082555465458426624536514282
0.10081901783276044082260369805226218886673450469971
0.47818111237167193472430426481878384947776794433594
0.46258353229969711994939984833763446658849716186523
0.33747721913812223082373975557857193052768707275391
0.19430658425181374093781982992368284612894058227539
0.09316391004586550839139391655407962389290332794189
0.39604461948755576017333623894955962896347045898438
0.49247828746713295799963816534727811813354492187500
0.28738294398960329001369018442346714437007904052734
0.29957638261434127446847242026706226170063018798828
0.48653577679046505766180530372366774827241897583008
0.37790867018614987538072114148235414177179336547852
0.19441809722280103955860397491051116958260536193848
0.18731372656628503259312878981290850788354873657227
0.09002558275625852091117451436730334535241127014160
0.08830676989516805797109100240049883723258972167969
-0.51439534299883371559758415969554334878921508789063
-0.52133580400217505168569687157287262380123138427734
-0.41161090646172571183569743880070745944976806640625
0.47889140326906498579262461134931072592735290527344
0.57592503322904320395281274613807909190654754638672
0.57981745061744083269417160408920608460903167724609
0.37941663527140928602321423568355385214090347290039
0.99391382751622148195025374661781825125217437744141
0.97830388135412915673327916010748594999313354492188
1.10331475193461603367950374376960098743438720703125
1.19743977102288523539641573734115809202194213867188
1.11377667823898618415512373758247122168540954589844
1.03338790970407834457489570922916755080223083496094
1.06688294281178697175960223830770701169967651367188
1.17661790806214838767118635587394237518310546875000
1.28499899847400644858907980960793793201446533203125
1.25565280175855287225772372039500623941421508789063
-0.83567398219952548910072209764621220529079437255859
-0.86959373638123482752604331835755147039890289306641
-1.00371008283391782711646555981133133172988891601563
-1.10638542835018416354841974680311977863311767578125
-0.98502946025625792714208728284575045108795166015625
-1.07091234846288418935955633060075342655181884765625
-1.20467912870247406686985414125956594944000244140625
-1.18788667139283399265536900202278047800064086914063
-0.87180933863430509767056264536222442984580993652344
-1.14996457369410598481351826194440945982933044433594
-0.96263733639186677137900005618575960397720336914063
-1.03496445368898548622382804751396179199218750000000
-0.95138812649762816153753419712302275002002716064453
0.67432225298763626142317662015557289123535156250000
0.57639721087463025028796437254641205072402954101563
0.77137704436418275122377963270992040634155273437500
0.77359771807068211657565370842348784208297729492188
0.67059767048671348188548790858476422727108001708984
0.57489330208020661405754481165786273777484893798828
0.96272298114134724489332484154147095978260040283203
0.86317839084991954123893265204969793558120727539063
0.86755230469764921252817657659761607646942138671875
1.06263008846563788978301090537570416927337646484375
1.06792322033990716434459500305820256471633911132813
0.97239002686334596869954793874057941138744354248047
-1.40267706089091914734012789267580956220626831054688
-1.48668755257684903625658989767543971538543701171875
-1.47134365521630261497421088279224932193756103515625
-1.37003351802659834035580388444941490888595581054688
-1.10031303300488980667637406440917402505874633789063
-1.20694772218139378949786078010220080614089965820313
-1.30138967422239471005696032079868018627166748046875
-1.28409002871861988026580547739285975694656372070313
-1.17613374794129743605708426912315189838409423828125
-0.97266787355194173070316310258931480348110198974609
-1.06693502992666733319992999895475804805755615234375
-0.97397568146790680643221094214823096990585327148438
-1.16374396092372967004280326364096254110336303710938
-1.08821788373895533830193471658276394009590148925781
-1.17755292741168471337687151390127837657928466796875
-0.98348769392099977260102150466991588473320007324219
-0.97423526017407757748856056423392146825790405273438
-1.06515648350407832190001045091776177287101745605469
0.19225326152654120814844418418942950665950775146484
0.28722861467313021144320828170748427510261535644531
0.46958505957605434222301710178726352751255035400391
0.28354582648086590346281354868551716208457946777344
0.47222024071923662802419130457565188407897949218750
0.37910620548394263762403966211422812193632125854492
0.18883917505231434530443834773905109614133834838867
0.37765240877589190127139318065019324421882629394531
0.28299955740892157596277911579818464815616607666016
0.37592475526881607983398225769633427262306213378906
0.49330054917622212506955747812753543257713317871094
0.47895637408129321244132370338775217533111572265625
0.03300914558544845722742877569544361904263496398926
-0.03171363840889454555060922302800463512539863586426
0.00713606027781998192294210525687958579510450363159
-0.07925996954262784499611882438330212607979774475098
-0.18008668711331016210053235226951073855161666870117
-0.15841344128720535877619113307446241378784179687500
-1.47284061311883252010090927797136828303337097167969
-1.49782215133671625650890746328514069318771362304688
-1.63566945691429621589918497193139046430587768554688
-1.81860095465552018545452028774889186024665832519531
-1.57758360598920255313259985996410250663757324218750
-1.78549664194831048114053828612668439745903015136719
-1.37656444961372192992143936862703412771224975585938
-1.41200153531549066343586673610843718051910400390625
-1.30395879427207561640500443900236859917640686035156
-1.29319008035542459822409000480547547340393066406250
-1.72979340740890252803296789352316409349441528320313
-1.77382347374684012919487940962426364421844482421875
-1.64393344073746217048892503953538835048675537109375
-1.51319203242868560721490212017670273780822753906250
-1.57523500261440685399350059014977887272834777832031
-1.48852366064356811392599411192350089550018310546875
-0.21162049102494434604793127618904691189527511596680
-0.24020752097988606887923879185109399259090423583984
-0.44295132564187700285884830009308643639087677001953
-0.42624843248801308481787941673246677964925765991211
-0.28161796126706756249191698771028313785791397094727
-0.37198986683097418071142215012514498084783554077148
-0.21472886631513832256246132601518183946609497070313
-0.02084941779378265275246562282518425490707159042358
0.14113455408923999967463203120132675394415855407715
-0.05078551647992644857421140613951138220727443695068
0.02224921982188596963903037817544827703386545181274
0.17372206531551059871532061151810921728610992431641
0.08477282973430037837925254962101462297141551971436
0.33568922898303316104673399422608781605958938598633
0.37944234244080726758951982446887996047735214233398
0.21257599156021594888343884122150484472513198852539
0.19240903111967044836205786850769072771072387695313
0.29225695931548556494306012609740719199180603027344
0.29136207897416432910375760911847464740276336669922
0.47791559569022401543492151176906190812587738037109
0.38771880287639148843226166718523018062114715576172
0.28597652117873872956721470472984947264194488525391
0.47621870777378527694878584952675737440586090087891
0.38063635716452726143188556306995451450347900390625
-1.05775991786199963229364584549330174922943115234375
-1.05123839185891054803789756988408043980598449707031
-0.92584185919959249844168880372308194637298583984375
-0.93795727547366425369546050205826759338378906250000
-1.19112509277953537711880471761105582118034362792969
-1.18553120250855292816538621991639956831932067871094
-0.67660099689763186781021886417875066399574279785156
-0.77482596668587944144235279964050278067588806152344
-0.57681027616987190498321069753728806972503662109375
-0.57918532617056528444265950383851304650306701660156
-0.86320929910393628947673505535931326448917388916016
-0.86779976948483150689384046927443705499172210693359
-0.77212420545237092639467846311163157224655151367188
-0.67152418566342997330309572134865447878837585449219
-0.66821200413956394204006983272847719490528106689453
-0.76422155354760956669224469806067645549774169921875
-1.26605835884772588428859307896345853805541992187500
-1.17859380495447974013245584501419216394424438476563
-1.25930274302801281649522024963516741991043090820313
-1.16639812235558681940972292068181559443473815917969
-1.06264721224470504168380102782975882291793823242188
-1.06808727902388467256855619780253618955612182617188
0.28586571007613215122944438917329534888267517089844
0.38537728132796866820086734151118434965610504150391
0.38612858755448675740495900754467584192752838134766
0.68406105506617187472784280544146895408630371093750
0.58902112284755525628554551076376810669898986816406
0.76832460855988915504610758944181725382804870605469
0.77459059002646457603447061046608723700046539306641
0.66420220473118563031533767571090720593929290771484
0.57542825397914432183910093954182229936122894287109
-0.28581484701262593883797080707154236733913421630859
-0.38598544489339797758375993907975498586893081665039
-0.49327288505608202218155611262773163616657257080078
-0.48813631249444733306575017195427790284156799316406
-0.34462929144068993325689120865717995911836624145508
-0.40900845049700590427832480600045528262853622436523
-0.22344831848290250264632561538746813312172889709473
-0.19279345222008109628220040576707106083631515502930
-0.38250374382392404726260792813263833522796630859375
-0.28746971850478664212147350554005242884159088134766
-0.18833768433536457465038438385818153619766235351563
-0.18887119637180338482806973843253217637538909912109
0.09598620638952150285749809199842275120317935943604
-0.00034866000481975634173181788355577737092971801758
-0.09639359662030914932540071049515972845256328582764
-0.09412621226419214115477274162913090549409389495850
-0.41486141723916875045929941734357271343469619750977
-0.55898758309393414833721180912107229232788085937500
-0.52287367587183708472764465113868936896324157714844
-0.35307654163020385507110177059075795114040374755859
-0.47706377603164129563850792692392133176326751708984
-0.37916499320057928112959189093089662492275238037109
-0.22533102861952941653456150561396498233079910278320
-0.32611537616955416085673391535237897187471389770508
-0.31841831114660817947381588055577594786882400512695
-0.21913011074870353267485256765212398022413253784180
-0.11989923033147739661608000005799112841486930847168
-0.11840308317935731297065871103768586181104183197021
0.28431737296619141730502633436117321252822875976563
0.28477996068749300562217285914812237024307250976563
0.18842933710250836520927464334818068891763687133789
0.18906038188639445740690803177130874246358871459961
0.09415623134637279845193802430003415793180465698242
0.00008874930814854742333608328408445231616497039795
0.18872593872427334549257693652180023491382598876953
0.09394576737046167469458168852725066244602203369141
-0.09362397298055087635493265452168998308479785919189
-0.09346872104154334282011262757805525325238704681396
0.00021272849435854035080040169702897401293739676476
0.00022346265488761138037765441310966707533225417137
0.09411175346999826885063811232612351886928081512451
